
Will email: zshivji@caltech.edu
ddG/submitDDG.py
   -aas A/1-56 '['"'"'all'"'"']' add
   -input.inputStructure 5202
   -phoenix
Loading attribute 43: 1SS.attr
Loading attribute 388: 3NY.attr
Loading attribute 381: 5BU.attr
Loading attribute 384: 6NT.attr
Loading attribute 355: 9UY.attr
Loading attribute 350: 9UY_triad_dihedral.attr
Loading attribute 395: ABU.attr
Loading attribute 398: ACH.attr
Loading attribute 60: ACY.attr
Loading attribute 437: ATP.attr
Loading attribute 380: AzF.attr
Loading attribute 7: B2C.attr
Loading attribute 4: B2T.attr
Loading attribute 40: BET.attr
Loading attribute 366: CBV.attr
Loading attribute 69: CH6.attr
Loading attribute 38: CHT.attr
Loading attribute 331: CR2.attr
Loading attribute 59: CRO.attr
Loading attribute 321: EPJ.attr
Loading attribute 394: FL7.attr
Loading attribute 222: H5J.attr
Loading attribute 285: HC4.attr
Loading attribute 201: HC4_mannual_connect.attr
Loading attribute 202: HC4_mannual_connect2.attr
Loading attribute 343: IAC.attr
Loading attribute 333: KCX.attr
Loading attribute 220: LIG.attr
Loading attribute 397: MES.attr
Loading attribute 45: MOL.attr
Loading attribute 400: NAD.attr
Loading attribute 50: NCT.attr
Loading attribute 106: NRQ (1).attr
Loading attribute 173: NRQ.attr
Loading attribute 101: NRQ[1931].attr
Loading attribute 117: NRQ_Roberto.attr
Loading attribute 119: NRQ_fromRoberto.attr
Loading attribute 314: PCA.attr
Loading attribute 317: PCZ.attr
Loading attribute 42: POP.attr
Loading attribute 54: QMR.attr
Loading attribute 412: SMA.attr
Loading attribute 387: SO4.attr
Loading attribute 438: SUB.attr
Loading attribute 326: TIP.attr
Loading attribute 386: TLA.attr
/home/ec2-user/triad-git/apps/ddG/submitDDG.py -aas A/1-56 '['"'"'all'"'"']' add -input.inputStructure 5202 -phoenix --blockUntilFinished --outputJson --mergedPDB --timing
Contents of /home/ec2-user/triad-git/www/data/submitDDG_3005_flYAOF/submitDDG.out:Date: Tue Nov 28 03:38:34 UTC 2023
git revision: edd9f1886
User patch file selected: /home/ec2-user/triad-git//patch.py
Applying command line argument: --timing

Using seed = 123456
Timing:                   ForcefieldOptionSet.py:1497; time    1.12 s /     1.12; mem   83.430 mb "built fff"
Input structure 5202: 1pga_prepared_phoenix.pdb
Timing:                          structfileIO.py:383 ; time    0.24 s /     1.35; mem   87.797 mb "read 1pga_prepared_phoenix"
Timing:                     ForcefieldFactory.py:497 ; time    4.79 s /     6.14; mem  123.652 mb "applying attributes to 1pga_prepared_phoenix"
User patch file selected: /home/ec2-user/triad-git//patch.py
DDG sites: A_1, A_2, A_3, A_4, A_5, A_6, A_7, A_8, A_9, A_10, A_11, A_12, A_13, A_14, A_15, A_16, A_17, A_18, A_19, A_20, A_21, A_22, A_23, A_24, A_25, A_26, A_27, A_28, A_29, A_30, A_31, A_32, A_33, A_34, A_35, A_36, A_37, A_38, A_39, A_40, A_41, A_42, A_43, A_44, A_45, A_46, A_47, A_48, A_49, A_50, A_51, A_52, A_53, A_54, A_55, A_56
Submitting: name 3005_submitDDG_1pga_prepared_phoenix_ddg_0, 3000.0 mb
From: /home/ec2-user/triad-git/www/data/submitDDG_3005_flYAOF
/home/ec2-user/triad-git/apps/ddG/siteDDG.py --patch 3005_submitDDG_1pga_prepared_phoenix_ddg_patch.py --struct 5202 --debug --run 0 --numberRuns 56
Processid 13748

Submitting: name 3005_submitDDG_1pga_prepared_phoenix_ddg_1, 3000.0 mb
From: /home/ec2-user/triad-git/www/data/submitDDG_3005_flYAOF
/home/ec2-user/triad-git/apps/ddG/siteDDG.py --patch 3005_submitDDG_1pga_prepared_phoenix_ddg_patch.py --struct 5202 --debug --run 1 --numberRuns 56
Processid 13770

Submitting: name 3005_submitDDG_1pga_prepared_phoenix_ddg_2, 3000.0 mb
From: /home/ec2-user/triad-git/www/data/submitDDG_3005_flYAOF
/home/ec2-user/triad-git/apps/ddG/siteDDG.py --patch 3005_submitDDG_1pga_prepared_phoenix_ddg_patch.py --struct 5202 --debug --run 2 --numberRuns 56
Processid 13788

Submitting: name 3005_submitDDG_1pga_prepared_phoenix_ddg_3, 3000.0 mb
From: /home/ec2-user/triad-git/www/data/submitDDG_3005_flYAOF
/home/ec2-user/triad-git/apps/ddG/siteDDG.py --patch 3005_submitDDG_1pga_prepared_phoenix_ddg_patch.py --struct 5202 --debug --run 3 --numberRuns 56
Processid 13806

Submitting: name 3005_submitDDG_1pga_prepared_phoenix_ddg_4, 3000.0 mb
From: /home/ec2-user/triad-git/www/data/submitDDG_3005_flYAOF
/home/ec2-user/triad-git/apps/ddG/siteDDG.py --patch 3005_submitDDG_1pga_prepared_phoenix_ddg_patch.py --struct 5202 --debug --run 4 --numberRuns 56
Processid 13824

Submitting: name 3005_submitDDG_1pga_prepared_phoenix_ddg_5, 3000.0 mb
From: /home/ec2-user/triad-git/www/data/submitDDG_3005_flYAOF
/home/ec2-user/triad-git/apps/ddG/siteDDG.py --patch 3005_submitDDG_1pga_prepared_phoenix_ddg_patch.py --struct 5202 --debug --run 5 --numberRuns 56
Processid 13847

Submitting: name 3005_submitDDG_1pga_prepared_phoenix_ddg_6, 3000.0 mb
From: /home/ec2-user/triad-git/www/data/submitDDG_3005_flYAOF
/home/ec2-user/triad-git/apps/ddG/siteDDG.py --patch 3005_submitDDG_1pga_prepared_phoenix_ddg_patch.py --struct 5202 --debug --run 6 --numberRuns 56
Processid 13864

Submitting: name 3005_submitDDG_1pga_prepared_phoenix_ddg_7, 3000.0 mb
From: /home/ec2-user/triad-git/www/data/submitDDG_3005_flYAOF
/home/ec2-user/triad-git/apps/ddG/siteDDG.py --patch 3005_submitDDG_1pga_prepared_phoenix_ddg_patch.py --struct 5202 --debug --run 7 --numberRuns 56
Processid 13884

Submitting: name 3005_submitDDG_1pga_prepared_phoenix_ddg_8, 3000.0 mb
From: /home/ec2-user/triad-git/www/data/submitDDG_3005_flYAOF
/home/ec2-user/triad-git/apps/ddG/siteDDG.py --patch 3005_submitDDG_1pga_prepared_phoenix_ddg_patch.py --struct 5202 --debug --run 8 --numberRuns 56
Processid 14121

Submitting: name 3005_submitDDG_1pga_prepared_phoenix_ddg_9, 3000.0 mb
From: /home/ec2-user/triad-git/www/data/submitDDG_3005_flYAOF
/home/ec2-user/triad-git/apps/ddG/siteDDG.py --patch 3005_submitDDG_1pga_prepared_phoenix_ddg_patch.py --struct 5202 --debug --run 9 --numberRuns 56
Processid 14138

Submitting: name 3005_submitDDG_1pga_prepared_phoenix_ddg_10, 3000.0 mb
From: /home/ec2-user/triad-git/www/data/submitDDG_3005_flYAOF
/home/ec2-user/triad-git/apps/ddG/siteDDG.py --patch 3005_submitDDG_1pga_prepared_phoenix_ddg_patch.py --struct 5202 --debug --run 10 --numberRuns 56
Processid 14163

Submitting: name 3005_submitDDG_1pga_prepared_phoenix_ddg_11, 3000.0 mb
From: /home/ec2-user/triad-git/www/data/submitDDG_3005_flYAOF
/home/ec2-user/triad-git/apps/ddG/siteDDG.py --patch 3005_submitDDG_1pga_prepared_phoenix_ddg_patch.py --struct 5202 --debug --run 11 --numberRuns 56
Processid 14182

Submitting: name 3005_submitDDG_1pga_prepared_phoenix_ddg_12, 3000.0 mb
From: /home/ec2-user/triad-git/www/data/submitDDG_3005_flYAOF
/home/ec2-user/triad-git/apps/ddG/siteDDG.py --patch 3005_submitDDG_1pga_prepared_phoenix_ddg_patch.py --struct 5202 --debug --run 12 --numberRuns 56
Processid 14200

Submitting: name 3005_submitDDG_1pga_prepared_phoenix_ddg_13, 3000.0 mb
From: /home/ec2-user/triad-git/www/data/submitDDG_3005_flYAOF
/home/ec2-user/triad-git/apps/ddG/siteDDG.py --patch 3005_submitDDG_1pga_prepared_phoenix_ddg_patch.py --struct 5202 --debug --run 13 --numberRuns 56
Processid 14217

Submitting: name 3005_submitDDG_1pga_prepared_phoenix_ddg_14, 3000.0 mb
From: /home/ec2-user/triad-git/www/data/submitDDG_3005_flYAOF
/home/ec2-user/triad-git/apps/ddG/siteDDG.py --patch 3005_submitDDG_1pga_prepared_phoenix_ddg_patch.py --struct 5202 --debug --run 14 --numberRuns 56
Processid 14240

Submitting: name 3005_submitDDG_1pga_prepared_phoenix_ddg_15, 3000.0 mb
From: /home/ec2-user/triad-git/www/data/submitDDG_3005_flYAOF
/home/ec2-user/triad-git/apps/ddG/siteDDG.py --patch 3005_submitDDG_1pga_prepared_phoenix_ddg_patch.py --struct 5202 --debug --run 15 --numberRuns 56
Processid 14258

Submitting: name 3005_submitDDG_1pga_prepared_phoenix_ddg_16, 3000.0 mb
From: /home/ec2-user/triad-git/www/data/submitDDG_3005_flYAOF
/home/ec2-user/triad-git/apps/ddG/siteDDG.py --patch 3005_submitDDG_1pga_prepared_phoenix_ddg_patch.py --struct 5202 --debug --run 16 --numberRuns 56
Processid 14279

Submitting: name 3005_submitDDG_1pga_prepared_phoenix_ddg_17, 3000.0 mb
From: /home/ec2-user/triad-git/www/data/submitDDG_3005_flYAOF
/home/ec2-user/triad-git/apps/ddG/siteDDG.py --patch 3005_submitDDG_1pga_prepared_phoenix_ddg_patch.py --struct 5202 --debug --run 17 --numberRuns 56
Processid 14300

Submitting: name 3005_submitDDG_1pga_prepared_phoenix_ddg_18, 3000.0 mb
From: /home/ec2-user/triad-git/www/data/submitDDG_3005_flYAOF
/home/ec2-user/triad-git/apps/ddG/siteDDG.py --patch 3005_submitDDG_1pga_prepared_phoenix_ddg_patch.py --struct 5202 --debug --run 18 --numberRuns 56
Processid 14588

Submitting: name 3005_submitDDG_1pga_prepared_phoenix_ddg_19, 3000.0 mb
From: /home/ec2-user/triad-git/www/data/submitDDG_3005_flYAOF
/home/ec2-user/triad-git/apps/ddG/siteDDG.py --patch 3005_submitDDG_1pga_prepared_phoenix_ddg_patch.py --struct 5202 --debug --run 19 --numberRuns 56
Processid 14672

Submitting: name 3005_submitDDG_1pga_prepared_phoenix_ddg_20, 3000.0 mb
From: /home/ec2-user/triad-git/www/data/submitDDG_3005_flYAOF
/home/ec2-user/triad-git/apps/ddG/siteDDG.py --patch 3005_submitDDG_1pga_prepared_phoenix_ddg_patch.py --struct 5202 --debug --run 20 --numberRuns 56
Processid 14687

Submitting: name 3005_submitDDG_1pga_prepared_phoenix_ddg_21, 3000.0 mb
From: /home/ec2-user/triad-git/www/data/submitDDG_3005_flYAOF
/home/ec2-user/triad-git/apps/ddG/siteDDG.py --patch 3005_submitDDG_1pga_prepared_phoenix_ddg_patch.py --struct 5202 --debug --run 21 --numberRuns 56
Processid 15098

Submitting: name 3005_submitDDG_1pga_prepared_phoenix_ddg_22, 3000.0 mb
From: /home/ec2-user/triad-git/www/data/submitDDG_3005_flYAOF
/home/ec2-user/triad-git/apps/ddG/siteDDG.py --patch 3005_submitDDG_1pga_prepared_phoenix_ddg_patch.py --struct 5202 --debug --run 22 --numberRuns 56
Processid 15119

Submitting: name 3005_submitDDG_1pga_prepared_phoenix_ddg_23, 3000.0 mb
From: /home/ec2-user/triad-git/www/data/submitDDG_3005_flYAOF
/home/ec2-user/triad-git/apps/ddG/siteDDG.py --patch 3005_submitDDG_1pga_prepared_phoenix_ddg_patch.py --struct 5202 --debug --run 23 --numberRuns 56
Processid 15441

Submitting: name 3005_submitDDG_1pga_prepared_phoenix_ddg_24, 3000.0 mb
From: /home/ec2-user/triad-git/www/data/submitDDG_3005_flYAOF
/home/ec2-user/triad-git/apps/ddG/siteDDG.py --patch 3005_submitDDG_1pga_prepared_phoenix_ddg_patch.py --struct 5202 --debug --run 24 --numberRuns 56
Processid 15463

Submitting: name 3005_submitDDG_1pga_prepared_phoenix_ddg_25, 3000.0 mb
From: /home/ec2-user/triad-git/www/data/submitDDG_3005_flYAOF
/home/ec2-user/triad-git/apps/ddG/siteDDG.py --patch 3005_submitDDG_1pga_prepared_phoenix_ddg_patch.py --struct 5202 --debug --run 25 --numberRuns 56
Processid 15494

Submitting: name 3005_submitDDG_1pga_prepared_phoenix_ddg_26, 3000.0 mb
From: /home/ec2-user/triad-git/www/data/submitDDG_3005_flYAOF
/home/ec2-user/triad-git/apps/ddG/siteDDG.py --patch 3005_submitDDG_1pga_prepared_phoenix_ddg_patch.py --struct 5202 --debug --run 26 --numberRuns 56
Processid 15526

Submitting: name 3005_submitDDG_1pga_prepared_phoenix_ddg_27, 3000.0 mb
From: /home/ec2-user/triad-git/www/data/submitDDG_3005_flYAOF
/home/ec2-user/triad-git/apps/ddG/siteDDG.py --patch 3005_submitDDG_1pga_prepared_phoenix_ddg_patch.py --struct 5202 --debug --run 27 --numberRuns 56
Processid 15563

Submitting: name 3005_submitDDG_1pga_prepared_phoenix_ddg_28, 3000.0 mb
From: /home/ec2-user/triad-git/www/data/submitDDG_3005_flYAOF
/home/ec2-user/triad-git/apps/ddG/siteDDG.py --patch 3005_submitDDG_1pga_prepared_phoenix_ddg_patch.py --struct 5202 --debug --run 28 --numberRuns 56
Processid 15589

Submitting: name 3005_submitDDG_1pga_prepared_phoenix_ddg_29, 3000.0 mb
From: /home/ec2-user/triad-git/www/data/submitDDG_3005_flYAOF
/home/ec2-user/triad-git/apps/ddG/siteDDG.py --patch 3005_submitDDG_1pga_prepared_phoenix_ddg_patch.py --struct 5202 --debug --run 29 --numberRuns 56
Processid 15880

Submitting: name 3005_submitDDG_1pga_prepared_phoenix_ddg_30, 3000.0 mb
From: /home/ec2-user/triad-git/www/data/submitDDG_3005_flYAOF
/home/ec2-user/triad-git/apps/ddG/siteDDG.py --patch 3005_submitDDG_1pga_prepared_phoenix_ddg_patch.py --struct 5202 --debug --run 30 --numberRuns 56
Processid 15897

Submitting: name 3005_submitDDG_1pga_prepared_phoenix_ddg_31, 3000.0 mb
From: /home/ec2-user/triad-git/www/data/submitDDG_3005_flYAOF
/home/ec2-user/triad-git/apps/ddG/siteDDG.py --patch 3005_submitDDG_1pga_prepared_phoenix_ddg_patch.py --struct 5202 --debug --run 31 --numberRuns 56
Processid 15925

Submitting: name 3005_submitDDG_1pga_prepared_phoenix_ddg_32, 3000.0 mb
From: /home/ec2-user/triad-git/www/data/submitDDG_3005_flYAOF
/home/ec2-user/triad-git/apps/ddG/siteDDG.py --patch 3005_submitDDG_1pga_prepared_phoenix_ddg_patch.py --struct 5202 --debug --run 32 --numberRuns 56
Processid 15948

Submitting: name 3005_submitDDG_1pga_prepared_phoenix_ddg_33, 3000.0 mb
From: /home/ec2-user/triad-git/www/data/submitDDG_3005_flYAOF
/home/ec2-user/triad-git/apps/ddG/siteDDG.py --patch 3005_submitDDG_1pga_prepared_phoenix_ddg_patch.py --struct 5202 --debug --run 33 --numberRuns 56
Processid 15978

Submitting: name 3005_submitDDG_1pga_prepared_phoenix_ddg_34, 3000.0 mb
From: /home/ec2-user/triad-git/www/data/submitDDG_3005_flYAOF
/home/ec2-user/triad-git/apps/ddG/siteDDG.py --patch 3005_submitDDG_1pga_prepared_phoenix_ddg_patch.py --struct 5202 --debug --run 34 --numberRuns 56
Processid 16015

Submitting: name 3005_submitDDG_1pga_prepared_phoenix_ddg_35, 3000.0 mb
From: /home/ec2-user/triad-git/www/data/submitDDG_3005_flYAOF
/home/ec2-user/triad-git/apps/ddG/siteDDG.py --patch 3005_submitDDG_1pga_prepared_phoenix_ddg_patch.py --struct 5202 --debug --run 35 --numberRuns 56
Processid 16296

Submitting: name 3005_submitDDG_1pga_prepared_phoenix_ddg_36, 3000.0 mb
From: /home/ec2-user/triad-git/www/data/submitDDG_3005_flYAOF
/home/ec2-user/triad-git/apps/ddG/siteDDG.py --patch 3005_submitDDG_1pga_prepared_phoenix_ddg_patch.py --struct 5202 --debug --run 36 --numberRuns 56
Processid 16315

Submitting: name 3005_submitDDG_1pga_prepared_phoenix_ddg_37, 3000.0 mb
From: /home/ec2-user/triad-git/www/data/submitDDG_3005_flYAOF
/home/ec2-user/triad-git/apps/ddG/siteDDG.py --patch 3005_submitDDG_1pga_prepared_phoenix_ddg_patch.py --struct 5202 --debug --run 37 --numberRuns 56
Processid 16349

Submitting: name 3005_submitDDG_1pga_prepared_phoenix_ddg_38, 3000.0 mb
From: /home/ec2-user/triad-git/www/data/submitDDG_3005_flYAOF
/home/ec2-user/triad-git/apps/ddG/siteDDG.py --patch 3005_submitDDG_1pga_prepared_phoenix_ddg_patch.py --struct 5202 --debug --run 38 --numberRuns 56
Processid 16389

Submitting: name 3005_submitDDG_1pga_prepared_phoenix_ddg_39, 3000.0 mb
From: /home/ec2-user/triad-git/www/data/submitDDG_3005_flYAOF
/home/ec2-user/triad-git/apps/ddG/siteDDG.py --patch 3005_submitDDG_1pga_prepared_phoenix_ddg_patch.py --struct 5202 --debug --run 39 --numberRuns 56
Processid 16412

Submitting: name 3005_submitDDG_1pga_prepared_phoenix_ddg_40, 3000.0 mb
From: /home/ec2-user/triad-git/www/data/submitDDG_3005_flYAOF
/home/ec2-user/triad-git/apps/ddG/siteDDG.py --patch 3005_submitDDG_1pga_prepared_phoenix_ddg_patch.py --struct 5202 --debug --run 40 --numberRuns 56
Processid 16681

Submitting: name 3005_submitDDG_1pga_prepared_phoenix_ddg_41, 3000.0 mb
From: /home/ec2-user/triad-git/www/data/submitDDG_3005_flYAOF
/home/ec2-user/triad-git/apps/ddG/siteDDG.py --patch 3005_submitDDG_1pga_prepared_phoenix_ddg_patch.py --struct 5202 --debug --run 41 --numberRuns 56
Processid 16701

Submitting: name 3005_submitDDG_1pga_prepared_phoenix_ddg_42, 3000.0 mb
From: /home/ec2-user/triad-git/www/data/submitDDG_3005_flYAOF
/home/ec2-user/triad-git/apps/ddG/siteDDG.py --patch 3005_submitDDG_1pga_prepared_phoenix_ddg_patch.py --struct 5202 --debug --run 42 --numberRuns 56
Processid 16718

Submitting: name 3005_submitDDG_1pga_prepared_phoenix_ddg_43, 3000.0 mb
From: /home/ec2-user/triad-git/www/data/submitDDG_3005_flYAOF
/home/ec2-user/triad-git/apps/ddG/siteDDG.py --patch 3005_submitDDG_1pga_prepared_phoenix_ddg_patch.py --struct 5202 --debug --run 43 --numberRuns 56
Processid 16736

Submitting: name 3005_submitDDG_1pga_prepared_phoenix_ddg_44, 3000.0 mb
From: /home/ec2-user/triad-git/www/data/submitDDG_3005_flYAOF
/home/ec2-user/triad-git/apps/ddG/siteDDG.py --patch 3005_submitDDG_1pga_prepared_phoenix_ddg_patch.py --struct 5202 --debug --run 44 --numberRuns 56
Processid 16906

Submitting: name 3005_submitDDG_1pga_prepared_phoenix_ddg_45, 3000.0 mb
From: /home/ec2-user/triad-git/www/data/submitDDG_3005_flYAOF
/home/ec2-user/triad-git/apps/ddG/siteDDG.py --patch 3005_submitDDG_1pga_prepared_phoenix_ddg_patch.py --struct 5202 --debug --run 45 --numberRuns 56
Processid 16927

Submitting: name 3005_submitDDG_1pga_prepared_phoenix_ddg_46, 3000.0 mb
From: /home/ec2-user/triad-git/www/data/submitDDG_3005_flYAOF
/home/ec2-user/triad-git/apps/ddG/siteDDG.py --patch 3005_submitDDG_1pga_prepared_phoenix_ddg_patch.py --struct 5202 --debug --run 46 --numberRuns 56
Processid 16943

Submitting: name 3005_submitDDG_1pga_prepared_phoenix_ddg_47, 3000.0 mb
From: /home/ec2-user/triad-git/www/data/submitDDG_3005_flYAOF
/home/ec2-user/triad-git/apps/ddG/siteDDG.py --patch 3005_submitDDG_1pga_prepared_phoenix_ddg_patch.py --struct 5202 --debug --run 47 --numberRuns 56
Processid 17261

Submitting: name 3005_submitDDG_1pga_prepared_phoenix_ddg_48, 3000.0 mb
From: /home/ec2-user/triad-git/www/data/submitDDG_3005_flYAOF
/home/ec2-user/triad-git/apps/ddG/siteDDG.py --patch 3005_submitDDG_1pga_prepared_phoenix_ddg_patch.py --struct 5202 --debug --run 48 --numberRuns 56
Processid 17282

Submitting: name 3005_submitDDG_1pga_prepared_phoenix_ddg_49, 3000.0 mb
From: /home/ec2-user/triad-git/www/data/submitDDG_3005_flYAOF
/home/ec2-user/triad-git/apps/ddG/siteDDG.py --patch 3005_submitDDG_1pga_prepared_phoenix_ddg_patch.py --struct 5202 --debug --run 49 --numberRuns 56
Processid 17298

Submitting: name 3005_submitDDG_1pga_prepared_phoenix_ddg_50, 3000.0 mb
From: /home/ec2-user/triad-git/www/data/submitDDG_3005_flYAOF
/home/ec2-user/triad-git/apps/ddG/siteDDG.py --patch 3005_submitDDG_1pga_prepared_phoenix_ddg_patch.py --struct 5202 --debug --run 50 --numberRuns 56
Processid 17316

Submitting: name 3005_submitDDG_1pga_prepared_phoenix_ddg_51, 3000.0 mb
From: /home/ec2-user/triad-git/www/data/submitDDG_3005_flYAOF
/home/ec2-user/triad-git/apps/ddG/siteDDG.py --patch 3005_submitDDG_1pga_prepared_phoenix_ddg_patch.py --struct 5202 --debug --run 51 --numberRuns 56
Processid 17340

Submitting: name 3005_submitDDG_1pga_prepared_phoenix_ddg_52, 3000.0 mb
From: /home/ec2-user/triad-git/www/data/submitDDG_3005_flYAOF
/home/ec2-user/triad-git/apps/ddG/siteDDG.py --patch 3005_submitDDG_1pga_prepared_phoenix_ddg_patch.py --struct 5202 --debug --run 52 --numberRuns 56
Processid 17586

Submitting: name 3005_submitDDG_1pga_prepared_phoenix_ddg_53, 3000.0 mb
From: /home/ec2-user/triad-git/www/data/submitDDG_3005_flYAOF
/home/ec2-user/triad-git/apps/ddG/siteDDG.py --patch 3005_submitDDG_1pga_prepared_phoenix_ddg_patch.py --struct 5202 --debug --run 53 --numberRuns 56
Processid 17601

Submitting: name 3005_submitDDG_1pga_prepared_phoenix_ddg_54, 3000.0 mb
From: /home/ec2-user/triad-git/www/data/submitDDG_3005_flYAOF
/home/ec2-user/triad-git/apps/ddG/siteDDG.py --patch 3005_submitDDG_1pga_prepared_phoenix_ddg_patch.py --struct 5202 --debug --run 54 --numberRuns 56
Processid 17699

Submitting: name 3005_submitDDG_1pga_prepared_phoenix_ddg_55, 3000.0 mb
From: /home/ec2-user/triad-git/www/data/submitDDG_3005_flYAOF
/home/ec2-user/triad-git/apps/ddG/siteDDG.py --patch 3005_submitDDG_1pga_prepared_phoenix_ddg_patch.py --struct 5202 --debug --run 55 --numberRuns 56
Processid 17925

Submitting: name 3005_submitDDG_1pga_prepared_phoenix_ddg_summary, 3000.0 mb
From: /home/ec2-user/triad-git/www/data/submitDDG_3005_flYAOF
/home/ec2-user/triad-git/apps/ddG/summarizeDDG.py -patch 3005_submitDDG_1pga_prepared_phoenix_ddg_patch.py --struct 5202 --ddgFiles 3005_submitDDG_1pga_prepared_phoenix_ddg*scores*run*json
Processid 19183

Date: Tue Nov 28 03:47:55 UTC 2023
git revision: edd9f1886
User patch file selected: /home/ec2-user/triad-git//patch.py
Using seed = 123456
Input structure 5202: 1pga_prepared_phoenix.pdb
User patch file selected: /home/ec2-user/triad-git//patch.py
      site      D      E      H      K      R      A      F      I      L      M      V      W      Y      N      Q      S      T      G      P      C
      A_M1   4.73   4.32   2.54   1.20  -5.51   4.42   5.65   0.86   3.48     --   2.01   2.83   4.43  -1.09  -0.49   4.10   2.01   5.70  10.35   2.76
      A_T2  15.51  10.15  12.03  10.28  -1.29  19.29   5.75  -5.07   2.79   7.21  -2.51   9.58   6.65  13.86   7.59  15.06     --  31.07  32.88   8.11
      A_Y3  37.55  32.99  19.26  28.76  41.52  22.37  -4.10  14.17  11.98   8.78  10.70   7.59     --  28.51  18.19  16.29  13.32  31.52  51.44  14.69
      A_K4  27.56  20.21  16.32     --   5.84  22.03   6.63  14.70   6.41   5.10  13.76   4.43   4.15  15.99  13.09  14.62   9.99  21.23  83.48   5.57
      A_L5  38.54  27.21  13.29  39.37  31.08  32.50  12.41   0.43     --   3.91  31.05  42.18  21.48  20.76  13.15  24.84  23.09  45.71 112.14  13.32
      A_I6  25.44  15.08  15.46  14.84   6.30  27.06   7.16     --   6.93  14.98   1.24  14.26  16.12  20.62  15.58  18.83   7.24  36.79 117.69  13.10
      A_L7  29.31  46.77  27.67  28.29  31.94  37.31  71.09  -1.78     --  10.51   5.47  50.65  87.53  18.18  20.32  27.00  25.06  46.29  69.43  17.28
      A_N8  12.81  36.31  32.46  36.96   6.65  24.31  30.75  36.65  19.27  31.45  41.69  39.27  11.07     --  10.96  37.96  42.95  45.25  69.85  29.99
      A_G9  22.92 199.69  46.02 315.52 173.42  40.66  25.51 775.88 345.60 171.47 752.90  83.83  65.44  22.48 157.51  33.82 128.13     --  76.21  37.81
     A_K10  15.74   8.36   8.05     --   3.92  19.07  20.28  21.81  13.21  13.94  18.13  14.67  14.60  11.72   7.88  14.37  13.79  33.75  41.18  22.56
     A_T11  27.37  25.71   8.19  12.24  13.54  32.16  11.99  17.13  22.42  21.66  13.14  20.20  12.85  20.93  19.27  16.01     --  36.55  43.53  35.24
     A_L12  15.66  25.43   7.50  16.79   6.19  26.80   5.90  -4.98     --   8.21   0.54   7.90  -0.14   7.29   9.42  14.06   5.96  34.97  35.25   5.53
     A_K13  23.99  13.20  14.87     --   1.77  17.82   6.92  11.31   6.31   6.13   8.65   3.79   4.78  17.48   6.38  13.67  11.60  26.31  34.81  10.35
     A_G14  61.35  65.17  56.98  57.57  50.96  56.40  59.63  87.64  71.78  62.70 112.07  57.08  63.70  60.45  58.11  59.33  62.84     --275869.84  73.87
     A_E15  23.58     --   4.87   4.35   9.47  16.67  11.81  16.60   7.96   4.11  23.53   6.64   5.28  12.43   1.93  11.03  23.77  35.32  65.48  -4.82
     A_T16  26.43  24.61  16.82  20.83   7.38  31.13  20.97   4.24  28.78  14.45   8.54  28.86  13.25  23.72  18.33  13.28     --  25.32  54.55  17.34
     A_T17  27.45  18.21  12.45  13.48   9.85  24.23   6.68  10.15  20.05  15.43   5.80  16.03   9.60  17.21  15.50  10.32     --  18.55  33.32   3.56
     A_T18  31.61  27.94  12.62  18.54  17.99  25.78   6.06   4.29  30.59  14.64   6.85  13.75   7.46  15.82  17.37  12.67     --  26.27 124.18   4.69
     A_E19   7.54     --   4.69   9.78   8.17  17.67   5.03  -1.28   2.05   3.90   0.43   3.86   5.26   3.80   4.84  14.34   5.17  25.87  34.36   7.91
     A_A20  24.65  28.25  75.72  35.78  20.63     -- 704.59  64.09 123.95  29.58  40.601160.832345.36  12.57  14.97  -0.52  16.33  13.40  68.57  -4.00
     A_V21  10.10   7.36   5.69   4.14   6.16  14.97  10.96   0.93   4.34   6.27     --   8.03  14.20  13.02   5.18  15.54   7.63  26.55  31.99  17.81
     A_D22     --  19.79  12.78  33.27  22.42  27.22  12.73  39.97  33.70  16.53  27.90  10.17  16.14   5.72  31.93  12.61  14.00  23.89 171.85   6.20
     A_A23  10.28   5.51   9.68   1.29   3.24     --   9.58   7.51   4.23   2.17  10.14   4.97  12.21  13.20   3.15   9.54  12.04  15.09  14.18   8.70
     A_A24   4.04   1.40  10.72  -0.57  -3.91     --  11.93   8.80   5.68   4.08  11.46   7.80  11.04   6.26   1.37   7.67  10.94  12.59  21.72   8.19
     A_T25  17.38  -3.44   5.48  10.90  11.81  11.28   1.18  -4.25   1.89  -1.08   3.07  -3.29   2.43  13.32   0.02   7.44     --  23.35  47.05   9.44
     A_A26  39.69  51.37 125.04 110.69  93.89     -- 677.48  42.21  49.84  51.34  14.45 450.38 598.28  16.51  54.74   9.15  15.43  19.04 606.07  10.90
     A_E27   3.75     --  11.96   8.95  12.54   8.20  13.89   8.25   3.79   0.45  12.55  10.15   8.97   8.10   2.41  15.03  15.58  23.10 927.24  11.49
     A_K28   7.20   4.92  -0.09     --  -0.82  11.09  10.06  10.72   6.98   5.33  10.30  10.84  11.85  13.79   2.61  11.87  11.10  24.45  75.31  11.40
     A_V29   2.41   7.95  -2.36  -0.91  11.65  12.44  -0.53  -3.58   2.01   0.89     --  -0.83  -7.41   9.41   7.87  14.88   9.81  18.59 527.85   2.72
     A_F30  45.36  50.13  21.62  41.34  54.66  36.80     --  31.37  26.67  18.92  26.20  34.64  10.49  33.65  34.73  39.31  32.97  43.22 943.24  26.16
     A_K31  20.27  33.96  13.65     --   6.35  29.35  32.41  36.91  18.93  31.83  20.73  32.06  33.61  37.90  30.94  12.65  15.68  25.32 838.96  41.13
     A_Q32   8.19  -2.58   6.25  -2.14  -1.51   8.77   7.71   5.16   2.89   0.26   8.05  11.34   8.15  11.49     --  10.13  15.16  18.97 426.29   5.38
     A_Y33  16.55  20.40   6.39   8.54  16.70  21.92  -0.15   8.19  12.12   9.89  12.40  -0.86     --  14.68  15.11  26.11  19.16  26.35 566.99   9.58
     A_A34  29.56  25.78  74.37  24.00  21.14     -- 255.20  19.69  15.98  15.65  15.514727.16 409.24  15.21  19.77   8.27  12.01  17.82 896.01   3.35
     A_N35   7.44  -1.93   2.50  -5.18  -8.48   2.61   4.22   6.69   2.31  -4.38  13.29   2.41   7.61     --  -4.95   3.69   7.09  14.22 483.02   5.76
     A_D36     --   1.68  -7.13  -9.63  -7.42   3.90   5.42   1.80  -1.53  -1.73   3.44   0.15   1.58   4.48  -5.61   2.82   3.99  17.23 313.81   3.93
     A_N37  13.89  35.46  14.79  14.42  10.24  24.73   8.93  28.46  16.86  16.58  30.96  15.85  10.01     --  18.21  25.30  23.11  22.831742.38  32.11
     A_G38  47.59  44.64  43.50  35.84  36.71  49.25  45.06  46.76  46.94  44.98  47.65  44.93  45.84  42.17  44.46  45.91  45.40     --3649.77  49.35
     A_V39  48.90  35.54  27.21  38.21  47.54  30.00  49.17   1.65  26.02  19.01     --4251.16  74.93  40.92  20.76  26.58  15.15  40.46 106.16  18.77
     A_D40     --  37.05  22.24  14.66  20.04  42.77  20.75  41.31  41.66  38.81  42.78  18.44  20.99   0.73  23.76  19.08  39.75  35.44  59.96  47.23
     A_G41  90.01 464.8812097.79 902.531139.86 918.589138.781127.55 383.29 663.471070.65157926.907532.04 168.90 831.51 530.95 818.26     -- 142.38 354.34
     A_E42   7.49     --   3.12  -5.10  -6.24   3.11  -0.63   3.13  -0.71  -2.66   6.18  -4.02   1.42   6.29  -0.32   3.73   7.50  14.42  32.79   4.55
     A_W43  34.42  24.01  20.84  12.56  12.74  29.06   7.02  22.87  12.78  13.36  21.66     --  12.09  27.41  21.00  25.54  19.91  36.54  46.68  13.68
     A_T44  26.43  29.74  17.18  22.07  12.43  31.81  19.31  15.99  33.11  24.34  14.22  29.40  18.43  24.32  21.44  13.54     --  25.59  52.08  16.91
     A_Y45  32.04  14.22   9.61   2.13   6.24  23.74  -0.30  18.76   9.64   0.34  27.38  11.22     --  17.31  10.59  17.85  28.73  41.71  58.05   1.92
     A_D46     --  15.78  11.82  11.57  11.36  26.10   4.95   5.17   9.37  11.19   2.24  13.79  10.33   8.34   6.99  17.31  17.35  34.34  89.29   7.58
     A_D47     --  -1.43   3.66   5.22   4.59   6.71   6.47  13.85   3.88  -0.12  15.76   3.65   7.11   1.98   1.64   4.21   7.60  18.23  13.17   7.56
     A_A48   5.94   3.10   5.60  -3.14  -0.75     --  13.41  15.09   8.70   5.30  14.98   5.11  13.58   8.64   4.90  -4.27  11.03   9.78  -3.66   4.81
     A_T49  13.11  29.33   6.88  26.95   5.98  32.85  22.47  24.91  31.31  28.69  22.61  32.80  17.08  11.08  22.83   8.93     --  41.06  59.53  18.57
     A_K50  12.21  16.58  11.80     --  30.46  19.81  15.69  32.93  27.34  26.78  26.22  35.04  32.95   0.16   9.41  23.99  40.84  38.96  48.77  31.93
     A_T51  42.66  22.72  25.50  17.28   8.56  21.79  11.83   0.35  17.53  10.69  -2.68  14.14  14.29  31.66  19.13  16.71     --  33.831051.91  11.64
     A_F52  46.05  40.87  26.09  36.45  35.38  31.46     --  15.01  29.78  13.18  18.15   8.25   9.55  29.84  34.74  32.54  27.82  43.26 150.32  22.59
     A_T53  33.11  12.70  19.81   9.99   6.35  24.30   3.03  -9.87   2.80   5.98  -8.29  14.51   9.59  28.87   9.39  19.90     --  35.35  48.72   8.97
     A_V54  53.04  44.72  39.94  42.00  38.57  39.23  31.35   7.16  21.20  29.88     --  29.28  30.18  37.63  32.69  34.73  20.69  49.31  50.42  20.75
     A_T55  32.15  13.96  12.14   0.65  -5.33  22.08   7.08  -4.53   9.57   5.06  -3.45  10.95  10.77  21.99   5.86  15.57     --  33.26  86.35   9.60
     A_E56   0.07     --   7.49  -3.56  11.72   7.72   7.46   1.51  -1.85  -3.30   4.97   8.43  12.02   4.98   0.33  -0.03   2.91   8.44  85.22   5.15



Sorted by ddG per site:
      site        1        2        3        4        5        6        7        8        9       10       11       12       13       14       15       16       17       18       19
      A_M1  -5.51 R  -1.09 N  -0.49 Q   0.86 I   1.20 K   2.01 T   2.01 V   2.54 H   2.76 C   2.83 W   3.48 L   4.10 S   4.32 E   4.42 A   4.43 Y   4.73 D   5.65 F   5.70 G  10.35 P
      A_T2  -5.07 I  -2.51 V  -1.29 R   2.79 L   5.75 F   6.65 Y   7.21 M   7.59 Q   8.11 C   9.58 W  10.15 E  10.28 K  12.03 H  13.86 N  15.06 S  15.51 D  19.29 A  31.07 G  32.88 P
      A_Y3  -4.10 F   7.59 W   8.78 M  10.70 V  11.98 L  13.32 T  14.17 I  14.69 C  16.29 S  18.19 Q  19.26 H  22.37 A  28.51 N  28.76 K  31.52 G  32.99 E  37.55 D  41.52 R  51.44 P
      A_K4   4.15 Y   4.43 W   5.10 M   5.57 C   5.84 R   6.41 L   6.63 F   9.99 T  13.09 Q  13.76 V  14.62 S  14.70 I  15.99 N  16.32 H  20.21 E  21.23 G  22.03 A  27.56 D  83.48 P
      A_L5   0.43 I   3.91 M  12.41 F  13.15 Q  13.29 H  13.32 C  20.76 N  21.48 Y  23.09 T  24.84 S  27.21 E  31.05 V  31.08 R  32.50 A  38.54 D  39.37 K  42.18 W  45.71 G 112.14 P
      A_I6   1.24 V   6.30 R   6.93 L   7.16 F   7.24 T  13.10 C  14.26 W  14.84 K  14.98 M  15.08 E  15.46 H  15.58 Q  16.12 Y  18.83 S  20.62 N  25.44 D  27.06 A  36.79 G 117.69 P
      A_L7  -1.78 I   5.47 V  10.51 M  17.28 C  18.18 N  20.32 Q  25.06 T  27.00 S  27.67 H  28.29 K  29.31 D  31.94 R  37.31 A  46.29 G  46.77 E  50.65 W  69.43 P  71.09 F  87.53 Y
      A_N8   6.65 R  10.96 Q  11.07 Y  12.81 D  19.27 L  24.31 A  29.99 C  30.75 F  31.45 M  32.46 H  36.31 E  36.65 I  36.96 K  37.96 S  39.27 W  41.69 V  42.95 T  45.25 G  69.85 P
      A_G9  22.48 N  22.92 D  25.51 F  33.82 S  37.81 C  40.66 A  46.02 H  65.44 Y  76.21 P  83.83 W 128.13 T 157.51 Q 171.47 M 173.42 R 199.69 E 315.52 K 345.60 L 752.90 V 775.88 I
     A_K10   3.92 R   7.88 Q   8.05 H   8.36 E  11.72 N  13.21 L  13.79 T  13.94 M  14.37 S  14.60 Y  14.67 W  15.74 D  18.13 V  19.07 A  20.28 F  21.81 I  22.56 C  33.75 G  41.18 P
     A_T11   8.19 H  11.99 F  12.24 K  12.85 Y  13.14 V  13.54 R  16.01 S  17.13 I  19.27 Q  20.20 W  20.93 N  21.66 M  22.42 L  25.71 E  27.37 D  32.16 A  35.24 C  36.55 G  43.53 P
     A_L12  -4.98 I  -0.14 Y   0.54 V   5.53 C   5.90 F   5.96 T   6.19 R   7.29 N   7.50 H   7.90 W   8.21 M   9.42 Q  14.06 S  15.66 D  16.79 K  25.43 E  26.80 A  34.97 G  35.25 P
     A_K13   1.77 R   3.79 W   4.78 Y   6.13 M   6.31 L   6.38 Q   6.92 F   8.65 V  10.35 C  11.31 I  11.60 T  13.20 E  13.67 S  14.87 H  17.48 N  17.82 A  23.99 D  26.31 G  34.81 P
     A_G14  50.96 R  56.40 A  56.98 H  57.08 W  57.57 K  58.11 Q  59.33 S  59.63 F  60.45 N  61.35 D  62.70 M  62.84 T  63.70 Y  65.17 E  71.78 L  73.87 C  87.64 I 112.07 V275869.84 P
     A_E15  -4.82 C   1.93 Q   4.11 M   4.35 K   4.87 H   5.28 Y   6.64 W   7.96 L   9.47 R  11.03 S  11.81 F  12.43 N  16.60 I  16.67 A  23.53 V  23.58 D  23.77 T  35.32 G  65.48 P
     A_T16   4.24 I   7.38 R   8.54 V  13.25 Y  13.28 S  14.45 M  16.82 H  17.34 C  18.33 Q  20.83 K  20.97 F  23.72 N  24.61 E  25.32 G  26.43 D  28.78 L  28.86 W  31.13 A  54.55 P
     A_T17   3.56 C   5.80 V   6.68 F   9.60 Y   9.85 R  10.15 I  10.32 S  12.45 H  13.48 K  15.43 M  15.50 Q  16.03 W  17.21 N  18.21 E  18.55 G  20.05 L  24.23 A  27.45 D  33.32 P
     A_T18   4.29 I   4.69 C   6.06 F   6.85 V   7.46 Y  12.62 H  12.67 S  13.75 W  14.64 M  15.82 N  17.37 Q  17.99 R  18.54 K  25.78 A  26.27 G  27.94 E  30.59 L  31.61 D 124.18 P
     A_E19  -1.28 I   0.43 V   2.05 L   3.80 N   3.86 W   3.90 M   4.69 H   4.84 Q   5.03 F   5.17 T   5.26 Y   7.54 D   7.91 C   8.17 R   9.78 K  14.34 S  17.67 A  25.87 G  34.36 P
     A_A20  -4.00 C  -0.52 S  12.57 N  13.40 G  14.97 Q  16.33 T  20.63 R  24.65 D  28.25 E  29.58 M  35.78 K  40.60 V  64.09 I  68.57 P  75.72 H 123.95 L 704.59 F1160.83 W2345.36 Y
     A_V21   0.93 I   4.14 K   4.34 L   5.18 Q   5.69 H   6.16 R   6.27 M   7.36 E   7.63 T   8.03 W  10.10 D  10.96 F  13.02 N  14.20 Y  14.97 A  15.54 S  17.81 C  26.55 G  31.99 P
     A_D22   5.72 N   6.20 C  10.17 W  12.61 S  12.73 F  12.78 H  14.00 T  16.14 Y  16.53 M  19.79 E  22.42 R  23.89 G  27.22 A  27.90 V  31.93 Q  33.27 K  33.70 L  39.97 I 171.85 P
     A_A23   1.29 K   2.17 M   3.15 Q   3.24 R   4.23 L   4.97 W   5.51 E   7.51 I   8.70 C   9.54 S   9.58 F   9.68 H  10.14 V  10.28 D  12.04 T  12.21 Y  13.20 N  14.18 P  15.09 G
     A_A24  -3.91 R  -0.57 K   1.37 Q   1.40 E   4.04 D   4.08 M   5.68 L   6.26 N   7.67 S   7.80 W   8.19 C   8.80 I  10.72 H  10.94 T  11.04 Y  11.46 V  11.93 F  12.59 G  21.72 P
     A_T25  -4.25 I  -3.44 E  -3.29 W  -1.08 M   0.02 Q   1.18 F   1.89 L   2.43 Y   3.07 V   5.48 H   7.44 S   9.44 C  10.90 K  11.28 A  11.81 R  13.32 N  17.38 D  23.35 G  47.05 P
     A_A26   9.15 S  10.90 C  14.45 V  15.43 T  16.51 N  19.04 G  39.69 D  42.21 I  49.84 L  51.34 M  51.37 E  54.74 Q  93.89 R 110.69 K 125.04 H 450.38 W 598.28 Y 606.07 P 677.48 F
     A_E27   0.45 M   2.41 Q   3.75 D   3.79 L   8.10 N   8.20 A   8.25 I   8.95 K   8.97 Y  10.15 W  11.49 C  11.96 H  12.54 R  12.55 V  13.89 F  15.03 S  15.58 T  23.10 G 927.24 P
     A_K28  -0.82 R  -0.09 H   2.61 Q   4.92 E   5.33 M   6.98 L   7.20 D  10.06 F  10.30 V  10.72 I  10.84 W  11.09 A  11.10 T  11.40 C  11.85 Y  11.87 S  13.79 N  24.45 G  75.31 P
     A_V29  -7.41 Y  -3.58 I  -2.36 H  -0.91 K  -0.83 W  -0.53 F   0.89 M   2.01 L   2.41 D   2.72 C   7.87 Q   7.95 E   9.41 N   9.81 T  11.65 R  12.44 A  14.88 S  18.59 G 527.85 P
     A_F30  10.49 Y  18.92 M  21.62 H  26.16 C  26.20 V  26.67 L  31.37 I  32.97 T  33.65 N  34.64 W  34.73 Q  36.80 A  39.31 S  41.34 K  43.22 G  45.36 D  50.13 E  54.66 R 943.24 P
     A_K31   6.35 R  12.65 S  13.65 H  15.68 T  18.93 L  20.27 D  20.73 V  25.32 G  29.35 A  30.94 Q  31.83 M  32.06 W  32.41 F  33.61 Y  33.96 E  36.91 I  37.90 N  41.13 C 838.96 P
     A_Q32  -2.58 E  -2.14 K  -1.51 R   0.26 M   2.89 L   5.16 I   5.38 C   6.25 H   7.71 F   8.05 V   8.15 Y   8.19 D   8.77 A  10.13 S  11.34 W  11.49 N  15.16 T  18.97 G 426.29 P
     A_Y33  -0.86 W  -0.15 F   6.39 H   8.19 I   8.54 K   9.58 C   9.89 M  12.12 L  12.40 V  14.68 N  15.11 Q  16.55 D  16.70 R  19.16 T  20.40 E  21.92 A  26.11 S  26.35 G 566.99 P
     A_A34   3.35 C   8.27 S  12.01 T  15.21 N  15.51 V  15.65 M  15.98 L  17.82 G  19.69 I  19.77 Q  21.14 R  24.00 K  25.78 E  29.56 D  74.37 H 255.20 F 409.24 Y 896.01 P4727.16 W
     A_N35  -8.48 R  -5.18 K  -4.95 Q  -4.38 M  -1.93 E   2.31 L   2.41 W   2.50 H   2.61 A   3.69 S   4.22 F   5.76 C   6.69 I   7.09 T   7.44 D   7.61 Y  13.29 V  14.22 G 483.02 P
     A_D36  -9.63 K  -7.42 R  -7.13 H  -5.61 Q  -1.73 M  -1.53 L   0.15 W   1.58 Y   1.68 E   1.80 I   2.82 S   3.44 V   3.90 A   3.93 C   3.99 T   4.48 N   5.42 F  17.23 G 313.81 P
     A_N37   8.93 F  10.01 Y  10.24 R  13.89 D  14.42 K  14.79 H  15.85 W  16.58 M  16.86 L  18.21 Q  22.83 G  23.11 T  24.73 A  25.30 S  28.46 I  30.96 V  32.11 C  35.46 E1742.38 P
     A_G38  35.84 K  36.71 R  42.17 N  43.50 H  44.46 Q  44.64 E  44.93 W  44.98 M  45.06 F  45.40 T  45.84 Y  45.91 S  46.76 I  46.94 L  47.59 D  47.65 V  49.25 A  49.35 C3649.77 P
     A_V39   1.65 I  15.15 T  18.77 C  19.01 M  20.76 Q  26.02 L  26.58 S  27.21 H  30.00 A  35.54 E  38.21 K  40.46 G  40.92 N  47.54 R  48.90 D  49.17 F  74.93 Y 106.16 P4251.16 W
     A_D40   0.73 N  14.66 K  18.44 W  19.08 S  20.04 R  20.75 F  20.99 Y  22.24 H  23.76 Q  35.44 G  37.05 E  38.81 M  39.75 T  41.31 I  41.66 L  42.77 A  42.78 V  47.23 C  59.96 P
     A_G41  90.01 D 142.38 P 168.90 N 354.34 C 383.29 L 464.88 E 530.95 S 663.47 M 818.26 T 831.51 Q 902.53 K 918.58 A1070.65 V1127.55 I1139.86 R7532.04 Y9138.78 F12097.79 H157926.90 W
     A_E42  -6.24 R  -5.10 K  -4.02 W  -2.66 M  -0.71 L  -0.63 F  -0.32 Q   1.42 Y   3.11 A   3.12 H   3.13 I   3.73 S   4.55 C   6.18 V   6.29 N   7.49 D   7.50 T  14.42 G  32.79 P
     A_W43   7.02 F  12.09 Y  12.56 K  12.74 R  12.78 L  13.36 M  13.68 C  19.91 T  20.84 H  21.00 Q  21.66 V  22.87 I  24.01 E  25.54 S  27.41 N  29.06 A  34.42 D  36.54 G  46.68 P
     A_T44  12.43 R  13.54 S  14.22 V  15.99 I  16.91 C  17.18 H  18.43 Y  19.31 F  21.44 Q  22.07 K  24.32 N  24.34 M  25.59 G  26.43 D  29.40 W  29.74 E  31.81 A  33.11 L  52.08 P
     A_Y45  -0.30 F   0.34 M   1.92 C   2.13 K   6.24 R   9.61 H   9.64 L  10.59 Q  11.22 W  14.22 E  17.31 N  17.85 S  18.76 I  23.74 A  27.38 V  28.73 T  32.04 D  41.71 G  58.05 P
     A_D46   2.24 V   4.95 F   5.17 I   6.99 Q   7.58 C   8.34 N   9.37 L  10.33 Y  11.19 M  11.36 R  11.57 K  11.82 H  13.79 W  15.78 E  17.31 S  17.35 T  26.10 A  34.34 G  89.29 P
     A_D47  -1.43 E  -0.12 M   1.64 Q   1.98 N   3.65 W   3.66 H   3.88 L   4.21 S   4.59 R   5.22 K   6.47 F   6.71 A   7.11 Y   7.56 C   7.60 T  13.17 P  13.85 I  15.76 V  18.23 G
     A_A48  -4.27 S  -3.66 P  -3.14 K  -0.75 R   3.10 E   4.81 C   4.90 Q   5.11 W   5.30 M   5.60 H   5.94 D   8.64 N   8.70 L   9.78 G  11.03 T  13.41 F  13.58 Y  14.98 V  15.09 I
     A_T49   5.98 R   6.88 H   8.93 S  11.08 N  13.11 D  17.08 Y  18.57 C  22.47 F  22.61 V  22.83 Q  24.91 I  26.95 K  28.69 M  29.33 E  31.31 L  32.80 W  32.85 A  41.06 G  59.53 P
     A_K50   0.16 N   9.41 Q  11.80 H  12.21 D  15.69 F  16.58 E  19.81 A  23.99 S  26.22 V  26.78 M  27.34 L  30.46 R  31.93 C  32.93 I  32.95 Y  35.04 W  38.96 G  40.84 T  48.77 P
     A_T51  -2.68 V   0.35 I   8.56 R  10.69 M  11.64 C  11.83 F  14.14 W  14.29 Y  16.71 S  17.28 K  17.53 L  19.13 Q  21.79 A  22.72 E  25.50 H  31.66 N  33.83 G  42.66 D1051.91 P
     A_F52   8.25 W   9.55 Y  13.18 M  15.01 I  18.15 V  22.59 C  26.09 H  27.82 T  29.78 L  29.84 N  31.46 A  32.54 S  34.74 Q  35.38 R  36.45 K  40.87 E  43.26 G  46.05 D 150.32 P
     A_T53  -9.87 I  -8.29 V   2.80 L   3.03 F   5.98 M   6.35 R   8.97 C   9.39 Q   9.59 Y   9.99 K  12.70 E  14.51 W  19.81 H  19.90 S  24.30 A  28.87 N  33.11 D  35.35 G  48.72 P
     A_V54   7.16 I  20.69 T  20.75 C  21.20 L  29.28 W  29.88 M  30.18 Y  31.35 F  32.69 Q  34.73 S  37.63 N  38.57 R  39.23 A  39.94 H  42.00 K  44.72 E  49.31 G  50.42 P  53.04 D
     A_T55  -5.33 R  -4.53 I  -3.45 V   0.65 K   5.06 M   5.86 Q   7.08 F   9.57 L   9.60 C  10.77 Y  10.95 W  12.14 H  13.96 E  15.57 S  21.99 N  22.08 A  32.15 D  33.26 G  86.35 P
     A_E56  -3.56 K  -3.30 M  -1.85 L  -0.03 S   0.07 D   0.33 Q   1.51 I   2.91 T   4.97 V   4.98 N   5.15 C   7.46 F   7.49 H   7.72 A   8.43 W   8.44 G  11.72 R  12.02 Y  85.22 P



Sorted by ddG (all):
mutant position       score P solvation polar P solvation nonpolar P LJ vdW+D/P electrostatics+P solvation D/P hbond  P rama
A_T53I       53     -9.8678             2.146                6.788                                 -18.477     5.741  -6.065
A_D36K       36     -9.6295             3.627                0.000                                  -5.860    -5.278  -2.119
A_N35R       35     -8.4836            -3.224                0.000                                   2.306    -4.669  -2.898
